2850082
5725
24567
2848075
10016
16823
9786
9725
27294
7236
3380
17362
1691
28665
16887
14259
15405
11718
12824
10212
25269
9283
12373
14128
21985
19556
1643
4885
7680
5882
30334
13557
10729
24855
8093
23161
337
27468
14893
10717
15808
4670
1830
15660
5138
28795
5576
17993
4031
5583
10149
28744
12555
25339
1494
331
24912
27917
6690
23803
21480
4153
14392
21488
9446
16436
27638
5557
22048
21683
2630
20550
5567
10611
3263
13051
23589
28853
22627
9282
22405
10368
5761
15993
12094
7583
28279
6430
6429
624152
17256
19691
3464
14697
23317
21364
3375
2658
6561
4954
5110
20478
13922
4232
7854
22525
19208
28663
9887
21262
20674
26746
23259
158370
22832
14988
14296
21769
14294
20978
246
14264
29063
23754
160070
3625
26831
20792
28791
29030
16757
14900
28920
5970
20631
27218
28368
13762
15307
5186
2121
25121
26757
7203
22669
3167
6391
21714
6253
3273
13756
14844
24834
20845
28006
5069
27337
15345
22554
23929
16162
27111
12738
22483
5647
24831
9151
15777
3782
20422
27634
23996
9575
21458
22814
19409
21466
27681
14057
15588
26201
20326
16110
22833
9919
26462
24487
13040
22925
19757
3437
3254
25386
28804
14266
3509211
24133
1828
28331
23839
5847
26801
23742
28365
22865
13614
13993
546
16944
4916
17980
12952
16924
26546
6656
13828
19003
3177
14489
6664
21624
24559
2310146
20000
4893
13876
17218
27148
15208
23731
5546
12382
13444
5547
3175
28457
28316
16580
15779
21533
21338
16249
20776
16624
12688
6871
2458
3551
12461
12622
6061
23919
9464
25007
22139
3830
9677
7333
3867
24690
20111
5427
14837
28781
1747
9760
21760
20559
9486
13482
29495
23155
22772
18776
20719
3267
3069
2172
28551
5428
9455
15285
16301
624232
2904
19600
10683
21025
12942
24658
19189
3941
12772
3825
20005
24558
16801
21998
6117
22007
9511
7661
24692
4647
6661
14822
21609
6542
15799
17479
5906
10259
23186
21122
927659
5175
191295
27188
169891
161434
159995
163629
159554
197606
164838
160527
167677
195936
192317
194597
160837
189690
1191306
193950
676328
190185
546101
46670
43010
45384
38458
53456
37757
45284
45446
38066
54074
44422
44162
39084
44677
52130
50835
43279
39047
38201
40027
43405
38276
40308
42912
37993
41632
44188
42818
40380
38100
44225
39722
37561
46278
44156
42458
44826
39487
47691
42925
39646
37690
43688
37461
38281
39797
57341
45519
39220
40007
43087
42193
42467
42218
40438
54989
46141
38028
45421
45953
532021
46157
44457
43352
46231
44491
45877
44471
41670
42730
45091
46030
44376
46252
37713
41712
532718
40483
39686
43044
41693
38094
37399
41647
37302
44385
38786
37289
47142
41743
42203
42381
49784
55348
41638
42188
47808
37756
44056
43212
532953
41943
42441
38305
46178
38314
40248
39970
39326
39223
37147
40914
43017
37373
42168
43907
42902
40957
52206
45735
41177
39242
533021
45752
40537
41091
37632
46602
41198
37618
42849
40567
38878
46404
38336
39129
40035
45369
41853
37901
45871
54359
38306
41726
42811
533063
44909
41875
532128
37345
43309
39327
37105
56624
533179
38139
38203
44244
45690
37129
42729
42767
41920
39764
37670
39589
42702
53525
45366
37692
45042
46254
44622
37521
42638
37430
38122
38543
532908
37734
44730
45118
37978
51462
43487
38486
46004
532827
39672
42030
38054
41981
44044
43176
42920
38294
37915
44010
41026
46403
44094
533123
45195
44504
45921
46353
45052
52300
38679
45150
40938
44982
40855
37899
38161
37793
39523
40052
40098
41197
38038
39013
37895
45007
40868
43313
37438
43843
44532
45388
40480
48563
37215
42227
48575
38792
37963
57318
37152
37497
41696
42521
38288
42625
55385
40968
45642
43459
43394
47477
46544
42512
48259
44991
42715
38469
47849
46810
40888
45499
46485
38662
42074
624725
41722
37272
43045
38965
38021
37802
37131
41942
37139
44051
37226
43063
44035
44390
47817
43567
42027
40863
37372
38969
38177
39551
43289
44265
37414
39109
42794
42542
44381
40151
39857
38210
38591
45286
39652
43050
37410
40688
46396
40267
46175
49297
41045
41742
45203
57324
45928
38163
45625
533207
39948
43564
42194
45687
46600
42708
39533
39294
37698
42701
49058
40819
44492
37262
45139
45245
41980
37911
40778
45856
41020
43233
45567
45442
40296
41977
54402
37965
45743
45967
45372
40451
42496
37839
42555
38877
38345
38361
40414
46647
38462
46143
45402
45089
41016
42096
37880
40779
42678
45307
41185
40961
42315
45926
37683
42495
37644
39182
39347
532793
37844
45072
38247
42474
46438
56557
41705
37454
38206
46622
56255
55516
42953
49842
54775
49044
44099
38737
47177
51999
43987
38249
39757
41821
44579
43900
46015
42279
54308
532074
37986
45858
38685
51713
45012
55039
39440
37604
44534
39466
46079
37453
39611
37111
42582
45225
55185
39050
41815
51119
40460
55374
45189
41094
38671
39319
39212
39971
47136
46402
37609
45456
42748
42739
40050
40072
40621
53844
49158
38690
40591
40595
44382
43696
37602
38887
38871
37260
43016
44407
38812
533273
46274
38765
37982
39904
45610
40394
38797
531960
39273
37619
47021
40125
54373
39570
46460
52644
45886
42484
38560
45313
38559
40004
53155
46029
37966
37388
40230
49782
39788
43549
38666
50589
38837
44103
54159
42809
44812
43358
56110
38555
47783
46136
37150
41969
45787
42294
38278
38098
45523
45790
45351
37177
38604
44928
532340
40014
40032
37468
49587
37207
44801
43165
42632
38487
45281
38355
46458
44068
39839
532228
533180
55535
45563
37673
42222
38682
53549
41657
48779
50098
49416
48072
37303
37154
48445
50435
39225
47875
43945
42610
37572
44449
40757
42011
40823
38844
43845
38353
44584
45432
39887
46513
56639
43677
37882
37783
37227
53087
54109
52592
46374
40239
531992
532540
37542
40140
55194
44757
43574
42691
41926
54622
42378
44872
40869
40634
41217
532338
37142
39622
38365
1229073
1220776
1220376
1227157
1225550
1222158
1223101
1226789
1223821
1219732
1225387
1225967
1217973
1222376
1223358
1226198
1222768
1222162
1231391
1230186
1223976
1228340
1224498
1218949
1224902
1221612
1218261
1227661
1226275
1226600
1221104
1221606
1219759
1229937
1226473
1219183
1219903
1222634
1219420
1224842
1228726
1219103
1222808
1220395
1227162
1225827
1229241
1231265
1222386
1219124
1220389
1229863
1222422
1224136
1218304
1219429
1219472
1225748
1225737
1218319
1224025
1228147
1219378
1229650
1228501
1218879
1220384
1229615
1219949
1218026
1230342
1223033
1222815
1227583
1226124
1226111
1222395
1229476
1223075
1220017
1229846
1224476
1223014
537869
140402
151546
139936
140655
152267
537544
156201
153927
142419
139652
150647
145589
155223
142508
1535608
149037
1654815
3932452
3946512
1642032
1655073
3951978
3930296
3955153
3933841
3923110
3955026
3945997
3944349
3940314
3921528
3937656
3943951
3951509
1633068
1616301
1623257
250077
1613828
88808
247665
95548
90886
79085
83955
88941
82209
88227
288262
87961
287097
591415
294525
90758
287044
78371
286211
80871
80651
288599
290527
89461
80551
929605
96494
297868
79824
80961
87926
291523
78386
78482
92500
1251468
1245381
62298
61738
67422
62147
533661
77545
59107
66578
61145
59516
66310
62646
61882
67124
65467
533926
67795
62567
534144
60903
57617
67475
69244
58233
63331
67004
78268
58571
59075
67754
57822
63001
63622
67803
69987
63969
66658
62034
64525
64496
61996
1073063
58145
1073006
58058
60664
61233
61941
67879
70115
58618
66996
61924
66995
61460
64283
70058
65587
66439
60913
60979
58214
76803
58290
67645
67908
68626
77370
198143
62226
60130
63602
59482
57867
61124
63699
58351
66971
68789
72477
60422
65866
59890
63438
63698
68619
59273
63611
63388
63063
64452
62880
59832
270397
271974
258929
64373
61637
68567
66209
65769
58053
63531
62720
64306
97111
59646
58093
67776
67423
62328
58422
57666
77702
61292
61832
64765
77988
72787
59842
62156
64443
63832
63323
68186
66575
63625
63216
75993
58955
64314
64494
67743
62864
60593
58293
61552
63873
68582
61363
71089
60292
858178
67480
64333
62764
59651
61833
61347
66240
64801
61648
68388
58297
66820
69912
61090
66386
68268
58085
72885
2592846
77538
76144
73065
74442
73169
73158
77769
77708
77698
77574
77823
77715
57640
57622
57598
57637
57584
57646
57644
57662
57699
57714
57790
57749
57765
57775
57847
57793
57852
57951
57880
57878
57911
57966
57796
57899
57999
58039
58057
58080
58109
58159
58141
58170
58185
58176
58199
58206
58228
58234
76630
76468
58259
58260
77164
58321
76878
58342
58344
58404
58399
58428
58411
58432
58424
58267
58444
58434
58470
58464
58518
58523
58548
58567
58683
58710
58693
58633
58751
58721
58790
58812
58895
58796
58863
58941
58923
58918
77406
77488
77503
58965
77425
59014
77505
77369
77451
59065
59159
58982
59073
59144
59031
59121
59120
59180
59215
59161
59232
59262
59205
59237
59271
59248
59269
59233
59294
59325
59282
59405
59406
59310
59399
59307
59313
59410
59424
59458
59444
59565
59578
59524
59618
59554
59480
59459
59529
59552
59509
59667
59629
77880
77878
77926
59668
59672
59734
77945
77919
78021
78258
78252
59779
59819
78288
59829
59813
59861
59924
59875
59932
59854
59930
59878
59905
59939
59946
59956
59961
59963
60102
60094
60018
60010
60080
60113
59980
60039
60123
60124
60137
60203
60205
60127
60239
60238
60230
60299
60256
60294
60400
60351
60464
60350
60459
60343
60466
60467
60489
60471
60532
60516
60587
60490
60515
60492
60594
60646
60622
60635
60729
60732
60725
60697
60663
60763
60684
60788
60786
60762
60865
60806
60867
60888
60808
60796
60812
60959
60887
60912
60991
60975
61098
61081
61099
61157
61159
61200
61205
61232
61298
61267
61263
61272
61258
61215
61306
61348
61333
61320
61369
61397
61428
61462
61352
61464
61467
61480
61475
61410
61498
61533
61509
61530
61556
61553
61598
61570
61612
61569
61611
61642
61638
61618
61718
61717
61760
61771
61772
61778
61788
61791
61790
61792
61808
61822
61828
61855
61889
61842
61893
61947
61931
61929
61971
61904
61973
62029
62038
62062
62068
62070
62086
62074
62151
62141
62118
62116
62157
62174
62209
62205
62217
62292
62218
62296
62322
62338
62340
62391
62399
62421
62439
62401
62453
62498
62521
62516
62650
62523
62660
62615
62680
62651
62681
62692
62700
62707
62852
62701
62799
62853
62879
62868
62872
62884
62899
62928
62896
62977
62988
62991
62959
63018
63040
63056
63137
63094
63141
63153
63165
63177
63154
63201
63218
533403
533565
63284
533979
63330
63334
63369
63353
63377
63374
63390
63383
63419
63418
63421
63487
63467
63539
63420
63546
63597
63634
63603
63637
63682
63677
63656
63648
63687
63751
63729
63709
63784
63785
63840
63844
63852
63876
63877
63882
63908
63913
63926
63961
63934
63993
63970
64003
63971
64016
64011
64077
64082
64187
64103
64231
64193
64236
64240
64241
64282
64257
566822
64305
64294
64316
64307
64332
64343
64348
64378
64374
64387
64384
64431
64396
64477
64566
64576
64579
64594
64617
64589
64638
64690
64726
64734
64728
64732
64779
64780
64781
64784
64759
64862
64830
64907
64921
64925
64936
64965
64969
65125
65007
65204
65152
65128
65313
65324
65328
65413
65559
65436
65473
65456
65505
65489
65429
65580
65582
65806
65599
65742
65779
65614
65736
65635
65770
65833
65831
65834
65868
65881
65888
65907
65906
65899
65928
65930
65921
66000
66047
66054
66055
66102
66071
66119
66106
66164
66180
66192
66231
66233
66250
66271
66254
66270
66273
66278
66299
66309
66317
66355
66433
66487
66526
66512
66549
66585
66587
66563
66608
66623
66630
66646
66662
66738
66680
66753
66825
66795
66844
66852
66854
66862
67007
66943
66989
67040
67033
67037
67077
67098
67102
67099
67105
67139
67158
67164
67191
67210
67245
67247
67307
67303
67387
67367
67362
67424
67434
67462
67467
67472
67482
67494
67573
67588
67597
67601
67693
67695
67755
67759
67811
67826
67853
67861
67869
67925
67924
67883
67991
67960
68016
68063
68034
68118
68066
68174
68196
68194
68239
68240
68235
68278
68318
68355
68213
68383
68369
68415
68504
68562
68572
68422
68545
68568
68592
68630
68651
68662
68658
68673
68664
68714
68677
68720
68746
68787
68764
68751
68808
68794
68829
68839
68905
68869
68850
68909
68929
68943
68989
69006
69079
69060
69318
69178
69194
69333
69338
69437
69361
69670
69526
69875
70019
69972
69332
70026
70027
70606
70919
71956
72639
72628
70716
72668
72731
72733
72803
624883
625484
72856
928253
928228
1073007
62269
1073040
63888
63958
59194
62510
62539
71050
66721
63278
66196
68910
61969
67358
59295
63694
64032
66822
61328
58032
64397
66978
69179
65036
64483
59907
69775
62678
68627
58106
60095
67828
66134
62822
58871
64114
62090
66217
58483
67936
60058
68312
58180
65410
64985
65839
60506
66473
67753
63074
68926
61346
625230
58604
65557
59163
566836
66985
63692
58898
58714
58525
65361
63521
60499
63168
72715
61489
77322
64769
57578
64627
59605
64495
69595
77542
61385
77420
60744
60514
64482
60140
60118
69631
66790
58512
58468
60132
61876
78231
67510
62146
63730
63783
61805
60772
65814
64892
60047
68202
64778
61212
69277
63171
65444
68723
68313
61280
65040
63921
61641
62424
60736
64761
77573
58579
70731
68635
67825
66321
64867
67192
64916
58301
64753
62824
69104
62614
67440
61844
533612
62311
57723
57866
65073
65745
60063
72808
66722
66669
66673
71395
65809
61733
63191
62818
60752
58272
58607
59929
60097
566871
64924
1455406
73103
69312
57545
57658
57795
76889
58105
76519
77192
77233
58577
58875
58814
77514
58909
58951
77495
59030
59186
59234
59259
59376
59484
59486
59679
59627
59727
59718
78239
78255
59851
59788
60129
59947
60013
60246
60282
60453
60539
60555
60718
60750
60963
60964
60828
60941
61010
61391
61214
61400
60683
60910
61413
61649
61742
61731
61765
63002
61531
62856
62750
62069
63048
63067
63175
63117
63266
63287
62368
63849
533877
64121
63564
63595
63496
64201
64281
64250
64313
64370
64536
64836
65059
64938
64803
65240
64939
64864
65282
64857
65341
65697
65047
65781
65372
66191
66341
66404
66754
66344
66715
67104
67474
66874
67259
67536
67638
67847
67679
68072
68212
72487
68763
70122
59316
67117
67639
66143
62397
60604
62912
1957604
1953915
853510
675063
676369
676689
686781
682056
675593
690153
677508
677203
679575
676201
675541
685786
675425
675387
680999
681474
675232
2869958
681141
676207
675172
214708
1307641
683400
685585
989997
1301806
1304667
1333490
2864551
989927
1205534
1345989
117226
113851
113072
115258
116135
201855
99445
249313
133456
231064
119899
110202
246950
205053
116715
199794
135668
201709
248629
207328
115577
109727
112815
608929
115767
250657
118712
1205540
592682
97916
115284
247100
256680
599925
250314
253555
99646
112023
136555
217600
100721
1173200
199648
1078915
592058
123280
106494
121802
133990
3509108
109353
262634
113332
259072
1961335
272292
131874
608214
734780
115971
3509123
1678217
1205543
1209010
971527
216698
971726
246933
111539
255546
263231
117617
219804
122032
610266
3509200
217775
259289
219929
246812
120036
200856
99196
251639
1194489
1172457
120432
204089
125912
1171759
252172
1173180
1184684
249785
727568
1149675
603103
97373
198875
260778
260863
99379
132550
1176922
1191864
98593
1176707
1898513
126755
219518
309377
1678148
98352
1527958
247593
2419344
110673
591625
260374
971519
124355
1678149
1677893
1677894
111758
127678
248295
120634
717147
1182936
199470
237710
3509199
247439
250989
109721
4356190
250332
106433
535038
247821
121478
1147755
595195
98130
131885
3193571
219979
99483
133315
130187
1776937
124037
4384023
4384022
4384064
127067
4383968
4383970
4384047
126722
4383869
4383969
737704
1969432
705326
696381
1687696
971687
1689658
201143
213739
205022
229925
232143
204700
207979
207291
232563
204175
204955
203042
203521
228971
230738
200422
207958
203268
200261
204020
201679
220006
786380
202048
240592
204565
202020
198299
197998
237053
200268
225074
231094
781137
222281
237747
203193
204418
199692
219157
200072
199476
204643
203286
231112
198519
204958
200505
105345
200262
228878
593419
204517
240537
203446
225904
201738
205952
219319
231679
229066
229486
225038
203506
204360
208401
198759
201668
207722
231640
578764
241427
220248
220254
227968
206096
220249
202294
198003
225908
229347
200561
228468
200063
204368
208397
204470
223534
204913
236613
204914
232988
201766
230226
222683
229660
222859
197992
204695
203339
203558
201741
201403
230025
204868
202210
222042
231152
261530
200960
254295
201204
239218
205192
207893
222550
231775
206390
202493
201327
202322
227378
203293
201272
202001
203382
201667
100414
208016
199716
221710
231077
231473
207332
212121
219645
791896
235650
242051
216064
200598
217284
216720
227844
227843
217876
223599
235663
201470
229248
213391
200923
238240
244903
219894
246514
226032
215444
243885
221390
244282
223753
207594
205701
225304
216667
219828
212713
200075
202398
1172565
201061
230616
221992
222258
231650
228892
213284
216703
232610
227803
216413
229501
239710
2415174
202563
198021
1172020
1174569
794737
1176472
1171975
1883843
1211582
1861400
798846
799523
811839
1216730
1208943
801196
1208942
1208962
1208970
1208961
1209012
1208993
1209018
1209029
1209014
1209035
1209033
1209040
1209061
1209049
1209064
1209034
1209056
1209098
1209077
1209085
1209109
1209123
1209092
1209140
1209137
1209153
1209168
1209164
1209175
1209181
1209193
1209182
1209210
1209803
1209945
1210040
1209936
1210006
1209881
1209889
1209895
1209854
1209856
1209855
1209857
1209860
1211223
1209818
1210051
1210058
1209879
1210073
1209899
1209903
1210074
1210242
1210087
1210252
1210103
1210256
1210212
1210248
1210247
1209213
1210211
1210081
1210259
1210229
1210238
1210265
1210291
1210269
1210277
1209848
1209838
1209927
1209923
1209914
1209918
1209947
1210268
1209948
1209954
1209968
1209957
1209958
1209967
1209963
1209981
1209974
1209985
1209983
1210029
1210014
1210021
1210015
1210035
1210031
1210320
1210302
1210329
1210099
1210330
1210336
1210344
1210002
1210106
1210107
1210110
1210119
1210112
1210138
1210132
1210134
1210129
1210133
1210147
1210127
1210140
1210136
1210153
1210161
1210111
1210160
1210165
1210692
1210166
1210175
1210179
1210176
1210178
1210182
1210180
1210187
1205620
1205607
1205621
1205624
1205639
1205644
1205641
1205692
1205660
1205652
1205656
1205662
1205695
1205696
1205716
1205717
1205724
1205741
1205750
1205727
1205752
1205766
1205784
1205775
1205797
1205783
1205799
1205823
1205814
1205819
1205810
1205824
1205828
1205834
1205832
1205837
1205843
1205860
1205839
1205879
1205865
1205863
1205889
1205892
1205893
1205905
1205914
1205894
1205915
1205918
1205917
1205939
1205945
1205990
1205995
1206029
1206022
1206019
1206006
1206037
1206042
1206047
1206074
1206050
1206059
1206087
1206099
1206103
1206104
1206079
1206111
1206134
1206118
1206131
1206140
1206148
1206142
1206170
1206165
1206166
1206177
1206179
1206180
1206182
1206183
1206184
1206190
1206197
1206195
1206205
1206198
1206210
1206206
1206215
1206228
1206213
1206246
1206239
1206249
1206227
1206238
1206251
1206267
1206265
1206258
1206277
1206286
1206284
1206276
1206285
1206136
1206306
1206325
1206328
1206339
1206331
1206358
1206329
1206344
1206386
1206355
1206398
1206367
1206387
1209272
1206411
1206410
1206413
1209273
1209278
1209285
1209262
1206415
1209281
1209334
1209310
1209325
1209321
1209348
1209371
1209286
1209395
1209355
1209378
1209380
1209372
1209381
1209379
1209386
1209358
1209387
1209409
1209414
1209427
1209421
1209450
1209474
1209464
1209505
1209488
1209485
1209494
1209531
1209435
1209523
1209525
1209532
1209537
1209568
1209560
1206958
1206979
1206983
1207010
1207006
1207051
1206980
1207068
1207071
1206977
1207091
1207100
1207123
1207120
1207135
1207139
1207088
1207136
1207143
1207146
1207173
1207185
1207184
1207186
1207178
1207176
1207174
1207203
1207256
1207259
1207248
1207220
1207223
1207205
1207255
1207266
1207269
1207175
1207299
1207307
1207278
1207283
1207302
1207348
1207313
1207353
1207346
1207375
1207370
1207399
1207387
1207398
1207380
1207385
1207405
1207422
1207413
1207428
1207452
1207430
1207429
1207463
1207474
1207461
1207434
1207514
1207521
1207520
1207522
1207532
1207465
1207542
1207547
1207548
1207569
1207568
1207565
1207576
1207579
1207581
1207582
1207584
1207588
1207610
1207631
1207654
1207605
1207611
1207638
1207660
1207637
1207664
1207944
1207685
1207938
1207943
1207942
1207956
1207971
1207986
1207982
1207994
1207996
1208029
1208018
1208039
1208048
1208051
1208054
1208063
1208072
1209576
1208056
1208110
1208091
1210833
1209591
1209593
1209594
1209600
1209630
1209605
1209601
1209603
1209626
1209637
1209631
1209654
1209645
1209646
1209660
1209663
1209644
1209649
1209652
1209674
1209656
1209689
1209691
1209669
1209724
1209739
1209752
1209734
1209753
1209772
1209790
1209773
1209767
1209787
1209766
1207858
1207857
1207860
1207789
1207914
1207787
1207764
1207748
1207754
1207708
1207733
1207725
1207709
1207721
1207727
1207707
1207719
1207896
1207835
1207870
1207883
1207874
1207817
1207804
1210863
1207900
1210867
1207790
1207793
1208209
1207774
1207765
1207772
1208193
1208246
1208163
1208245
1208243
1208200
1208173
1208195
1208170
1208175
1208192
1208239
1208238
1210913
1208154
1208157
1208252
1208264
1208280
1208287
1208267
1208284
1208298
1208297
1208327
1208299
1208311
1208303
1208309
1208307
1208350
1208368
1208379
1208395
1208399
1208335
1208313
1208333
1208400
1208397
1208398
1208396
1208404
1208439
1208428
1210636
1210410
1208141
1208420
1208441
1210463
1210517
1210513
1208442
1210453
1210555
1210581
1208423
1210550
1210606
1210592
1210602
1210599
1210389
1210450
1210603
1210431
1210593
1210598
1210478
1210390
1210539
1210392
1210569
1210471
1210474
1210475
1210522
1210521
1210615
1210465
1210641
1210567
1210640
1210531
1210532
1210534
1210585
1210591
1210366
1210396
1210401
1210359
1210434
1210405
1210425
1210502
1208588
1208589
1210441
1208593
1208597
1208595
1208605
1208602
1208607
1208610
1208628
1208627
1208626
1208615
1208651
1208656
1208631
1208675
1208720
1208731
1208750
1208751
1208742
1208722
1208758
1208796
1208779
1208774
1208771
1208826
1208786
1208818
1208822
1208844
1208830
1208850
1208877
1208857
1208883
1208891
1208899
1208911
1208920
1206439
1206464
1206442
1206469
1206453
1206458
1206481
1206480
1206465
1206492
1206483
1206488
1206503
1206495
1206454
1206496
1206531
1206514
1206538
1206540
1206542
1206552
1206597
1206565
1206591
1206617
1206633
1206648
1206664
1206610
1206645
1206587
1206640
1206657
1206550
1206672
1206666
1206692
1206681
1206686
1206690
1206697
1206741
1206746
1206719
1206763
1206771
1206789
1206743
1206706
1206729
1206728
1206808
1206702
1206795
1206802
1206805
1206807
1206793
1206842
1206834
1206846
1206889
1206861
1206855
1206891
1206895
1206908
1206926
1206900
1206921
1206904
1205881
250470
1208613
248353
259966
253126
260565
246366
264186
250635
249757
266386
256864
248853
260718
259293
251026
260937
273696
247734
1201812
248467
257228
268731
248303
247671
250351
251610
248383
270963
254798
264027
246506
250917
252046
262034
254516
263745
261007
259492
250264
250015
263754
262582
606710
260847
261303
258080
247015
249549
248560
257478
249608
260295
251692
260426
247056
247758
250747
259634
246835
257607
252307
262898
249885
255612
263386
249360
250310
260535
599634
250489
263953
600957
265112
248119
597425
250355
246946
258514
268754
262102
251614
250860
248029
255972
258226
250420
263558
257179
249537
249799
252514
248253
246513
259108
249612
248072
266227
249718
260077
260042
260776
256741
249591
251700
262309
251106
265600
598998
250536
261095
251874
263863
252959
258009
258759
261585
271872
247630
258563
260824
255942
258742
1149776
262261
246713
270007
251076
258573
251334
263313
248243
251455
261077
247230
263855
261148
262649
250309
262548
260845
260497
247393
260549
603128
259422
250867
251859
249993
271413
250145
248816
263885
248625
254370
258220
263295
248878
253829
261558
253739
604975
250727
250108
257333
261580
259181
605331
260933
258803
250049
250663
270258
249907
255943
268386
257783
259352
270250
37091
300369
99434
1258609
279995
275735
275580
4254385
278937
2311428
278829
2310140
2311357
2311360
2311420
2311421
2311358
2311365
2311425
2311362
2311423
2311424
2311334
2311364
2311453
2311426
2311363
2311427
2313286
2311451
2311361
2310871
2317487
2326588
2310363
2310432
2310431
2309972
2311377
2310026
2419162
1151467
2443486
1151096
1586223
1597807
4181047
1151414
1605987
3644977
104657
105094
100831
674416
97928
103079
100483
100599
98799
99540
100824
98639
98051
104594
97266
96935
674764
101841
104743
97326
100702
99165
105341
105213
101426
98385
100418
97304
607747
98683
99124
100071
607821
104354
99498
98967
100746
100674
99398
674911
100212
932576
98801
106483
104056
99135
102157
100633
99361
104654
608178
100582
100738
98552
103093
99503
97697
591714
99913
591977
105595
1078964
103321
98487
98061
99543
100653
932515
99208
99514
952552
1027822
2853035
953572
29377
3689
6806
526999
20775
17181
19571
14284
7615
9913
12437
17529
7589
8647
19589
3560
5703
6905
7156
14624
20577
16972
28097
24379
3182
15894
18112
22503
12146
19435
18944
1903
14968
14249
15985
28032
9024
17573
5633
24564
29094
1686
23391
3857
5486
16768
17805
12060
21021
26324
15597
14683
20065
12418
16806
28076
1603
16435
7314
15854
2493
22594
29478
576
19105
4884
14638
16042
23842
20505
12210
13289
9801
24300
14472
9824
21799
1534
15713
23075
12901
2053
17355
7006
22643
13334
17179
9853
3352
1530
4179
20839
10807
8909
14620
14650
16626
29618
21083
19510
1535
23004
13268
15161
3695
14258
28418
14995
4384
13290
3752
19950
5789
14087
6216
7076
28159
2868
2644
14346
274
3334
15855
1674
4038
23970
927024
29396
24957
25387
25717
23968
29602
6095
10493
15407
13038
4151
16025
3292
20708
12475
14214
4377
24975
2019
11707
10284
25341
21726
15643
14069
16463
28442
14570
7613
22451
17412
27798
16050
17488
5690
6493
16740
15068
11997
19477
21463
19460
10464
5460
13778
16487
17662
16481
15682
13316
29385
17711
12596
16075
27580
18730
23715
12298
798564
990079
28632
16810
27877
14072
20239
22668
24118
11063
17690
27255
16121
16898
29202
23606
28259
20169
15603
623878
5243
27669
12732
10289
27346
28770
15671
14535
14314
25173
20068
4347
14198
9264
29282
9904
27281
16329
17989
13735
28638
10624
29204
26454
28637
9259
2441
17874
13965
16868
19411
1931
4259
21206
2999
5851
26813
15008
15133
27850
16410
24438
2519
23881
24934
28066
3036
27693
23193
5458
20904
19283
22721
5824
28558
21950
7876
142
5809
6124
15744
17898
19433
9847
17602
17963
30807
21684
16349
20164
17919
12729
24299
9437
9053
4896
5675
25415
16070
141
11783
17814
3397
5199
28697
10819
2100
12569
1668
23335
22431
21485
21251
9181
3731
15743
16952
22288
15633
7004
21802
6327
3135
546277
14766
2455
5493
27108
7908
3074
3353
28001
17308
15601
2835
951590
8383
24782
26283
15087
26945
19675
245
16565
19107
9439
9660
7803
11213
6572
1301809
29352
24057
26321
23236
27730
27601
4191
5912
27300
17005
16322
16414
16643
20015
20313
20759
8984
5499
28264
3967
91
16684
2511
15632
29009
22358
15325
24752
22438
2013
16555
24075
624358
21585
23578
16845
10716
15055
1675
22004
23200
27789
20423
28794
28723
23546
17480
24897
13488
4364
2934
19114
7112
14793
4568
28395
24566
14406
29530
19455
20400
30188
23459
4048
27099
23849
19826
18794
18108
5735
16416
28342
16034
6585
16893
395
6722
10386
29629
22689
17255
25013
25147
23099
17217
15403
19557
15762
20102
4542
26673
29599
17893
16290
158525
159574
189556
197810
170802
163543
619929
161286
161493
545017
191379
167487
158462
191218
1615267
380771
164316
195505
189906
178740
619877
160326
161984
175019
160986
160182
543296
160258
1169572
176553
163262
258443
165044
173880
167929
166203
168919
1170768
623221
197052
159565
161214
164551
43248
47483
41646
158946
38500
50026
46671
43954
39789
46195
40481
44739
39229
42821
38086
532260
45273
39791
45974
42017
38587
40339
44895
38301
50584
39916
39200
53817
44003
39286
45188
42551
43382
40807
40837
42578
43161
532577
56704
38687
40073
52916
38108
48885
43094
43107
42992
53988
40737
37989
38730
46454
43609
43105
41785
43693
38269
42675
39987
44645
44890
40501
41167
37478
40943
48074
38096
38186
52123
40084
41755
38273
46124
43480
44528
44160
533295
38960
38839
43408
47326
44914
37761
44810
37694
45385
37864
39252
40130
41817
45009
51284
39139
39104
44426
533030
97224
42814
533164
46277
41788
54365
37552
40725
43398
42842
45100
40370
37257
54990
48747
37540
39772
55939
51189
47604
48253
44763
48282
44115
40459
57308
41778
52207
41663
37676
52301
41639
42593
42731
56218
54295
42595
47134
55316
56033
55946
37179
46312
44788
44369
39725
37856
37778
53765
38955
45837
42127
42945
37677
42745
40000
38381
45409
43484
45696
50850
46938
38001
40131
39297
40428
40532
43491
38097
56254
39777
43407
56489
42179
44109
38521
42734
43674
42705
46062
2547742
37897
40362
46360
44285
44598
43636
46446
45989
43310
37738
43493
37704
41952
44952
40999
37736
37737
38481
41251
40343
43917
54694
46410
37841
38513
46249
40142
45706
41195
42257
40076
47542
48602
49545
44707
38061
42242
43202
42488
37491
37797
39745
38424
41797
37878
44340
40485
37827
43896
44286
43008
45922
42825
37741
43377
37241
40138
37779
44359
38285
41698
42940
40650
39071
38963
40205
40251
46612
42855
38231
46474
40087
46382
40835
46203
46066
42911
40720
41254
38999
54357
38617
42083
56127
46630
38724
45374
39341
53120
46057
54618
40305
52326
38225
42079
45017
53136
41651
37183
43874
41004
43441
37905
39663
46144
39932
42716
44310
38150
37387
43301
43277
37667
40939
38192
54631
42728
40524
38070
48244
38077
37346
43525
43892
45280
43570
47915
43420
55528
45158
37817
43571
52820
57431
41176
40978
56676
39906
53284
37274
532191
45355
45515
42281
57489
40840
40808
43383
41830
40786
38237
38146
45233
42841
44679
45431
52917
56592
40275
37970
532873
43194
40375
51662
37889
41960
40959
45679
43432
44037
39058
45405
44996
44001
37190
46815
48891
49960
52829
39651
42526
40624
37857
41966
44113
37731
56201
38571
50433
38548
46436
40119
38193
50960
42182
49010
40237
54650
46550
44554
37566
42983
43578
928073
42876
532353
37243
532555
46185
39165
37428
38714
532895
44097
37554
42518
39726
44443
46303
52280
44998
46290
42822
41528
46021
44125
44282
44778
47764
40687
49099
51475
43898
57116
43773
37708
43032
39253
44279
46244
41040
52514
44597
533114
45545
37642
40972
55998
44163
37992
39333
48966
39763
42341
38778
39644
37097
37957
47532
46495
37918
47781
56627
47346
44121
37335
54977
55009
45800
52603
46472
42968
40883
37649
46389
38743
38726
40046
40093
37145
43884
40145
49221
53117
50721
38540
45103
40905
40081
41741
37282
49211
43521
41803
532375
42442
43927
56136
41105
532175
49402
46391
54840
45079
38426
45290
50388
54114
37545
40134
40498
531961
43373
50628
44296
37434
56740
37286
48337
39429
42947
38740
46455
41813
40969
38071
38036
37635
1221618
1221064
4349491
1221050
1224603
1225710
1226725
1219132
1218289
4349853
1224824
1223520
1218619
1227732
1220979
1228075
1223150
1218554
1228050
1224482
1220311
1223813
1224128
1219419
1230350
1226813
1229227
1219411
1221838
1223603
1222637
1224626
1222178
1226964
1222190
1219734
1221614
1230119
1222135
1226227
1222585
1225236
1230699
1227608
1225079
1218659
1220724
1230677
1229854
1222437
1223977
1222466
1224628
1223529
1224573
139454
149208
538545
539084
536902
154698
141601
1535794
139505
151642
152222
142640
1647017
1538144
141915
146569
1642165
981777
3953772
3948410
3950563
3952178
3952730
3955080
3940792
3926739
3945548
3954565
3931360
3945825
3952211
3945503
3931990
3953238
3949784
3943187
3928902
3929165
3928051
3938036
3951003
3929518
3922735
3939534
3924501
3945668
3945354
3951214
3947464
3922659
1621506
3936181
1633570
3955172
3942214
1623844
1621420
1626390
1624553
1626742
1614449
1625502
96343
92075
84113
78856
87698
95246
90915
89676
534628
79703
607559
91343
86199
96006
294688
80675
79616
666172
290695
95983
1250619
66846
90587
72804
72801
65798
65441
66869
60610
68755
72482
68788
64004
62596
68305
60389
61365
64174
66553
64116
58816
64488
65821
67701
61108
592505
63217
65922
67740
64945
64944
72619
66778
64946
66407
69064
65180
67073
61528
61176
67882
63846
65678
66148
76450
58462
68665
63425
58225
533548
58157
69084
66236
61008
63471
66878
60444
64940
66555
68227
60367
65255
61052
64167
58420
62808
59165
62026
63878
61939
62065
66484
928257
66547
62197
68387
928200
59119
625045
928205
72799
64211
69351
59308
58913
59872
64018
57773
59082
59054
68069
60968
65353
65788
66535
63562
63358
67627
72797
77452
72794
63166
65194
59412
64079
59957
63093
60591
65058
928227
60157
60156
68762
67229
62729
59130
59125
77867
60478
1073058
60801
66312
70617
65420
65072
72425
63640
61623
68370
59443
67851
63032
65335
68296
66870
64725
68766
58831
65509
59066
67787
67177
62305
68538
60918
59869
70083
64914
70065
63943
62494
61006
67791
68121
64015
63303
63144
66576
67103
62252
67678
67808
60891
68802
65840
65900
64135
65182
66304
77468
62762
928297
59297
65882
62712
66712
68828
58888
70925
62985
72800
66968
60757
64272
63688
61161
71308
62414
58836
68179
66389
67368
63863
65117
62410
64880
67212
71393
77389
65078
68571
62047
63079
68761
64287
62075
65145
68679
70067
60175
62722
68722
64890
62501
65910
69909
62398
61293
72730
64218
62695
69589
64410
68126
59942
65639
68165
59834
68049
63617
66749
67413
66216
68008
566861
63915
67128
1073128
65545
534243
65578
64807
66463
63615
58723
68813
64204
65996
66044
66272
65883
59088
67180
58531
58320
64895
67488
58056
64665
72793
67271
77850
59008
61195
61640
60818
68009
62138
69370
62465
68225
69328
68288
60721
61225
77407
60553
69902
59655
61437
77327
66269
66416
61048
60759
72479
63047
67665
69603
59162
77568
62612
67088
68575
59258
62114
70124
625447
63140
59637
72724
66347
57858
64486
63022
64639
58377
60738
63407
59355
61383
77396
69245
67652
68437
64875
68642
60382
65721
64543
77383
59697
68661
61639
62834
67906
62693
62847
61332
67589
64562
68685
67888
59767
58808
64352
65758
76711
65756
67115
73027
64865
68097
63178
66929
64134
58744
65553
69559
61993
76896
59010
61095
69549
61643
64906
61908
62046
59266
59476
57778
68632
68345
60965
57692
59287
64175
62893
63626
68446
64395
62387
58172
77313
68866
62078
68418
61955
64762
68279
63607
65937
59210
66551
58544
64024
67127
67562
68846
57943
68636
66979
58998
66141
65800
68659
62793
60487
58904
64999
58158
65195
61266
69974
68112
72792
58673
65823
62491
60316
65244
63497
64767
63053
63733
63151
61097
68705
59688
57701
63327
66214
57581
62986
68117
59450
58903
607083
58643
67777
73030
63042
63333
624902
67491
72597
72842
59185
64253
61178
61062
63742
63023
60735
58724
64547
61757
62402
68851
65552
533993
64977
67306
68432
73151
62661
624951
57661
64186
66577
62978
68032
65070
57703
63111
63501
66248
63247
57994
62480
59548
63658
62504
71041
60038
66594
67485
65683
67687
62195
67696
68177
66976
59289
60996
68928
68129
68711
60893
65642
60701
59685
60406
62546
68621
65503
63592
77687
61390
1957357
1956507
1956916
850292
760661
850293
850882
675081
679835
675311
691704
675218
683980
680280
677324
676674
680911
681010
676925
686729
683181
678376
681045
675022
676788
684594
683327
675229
675762
677131
2871339
678008
679381
676653
686526
1317500
239937
677640
989612
989613
691962
989614
1303928
1303927
1335854
989297
1305917
1303926
1307696
1320637
1335116
1307993
1334382
1320392
990322
1331681
1330591
1322577
1327820
1205535
250472
248068
265613
203522
99183
111954
106834
108935
114294
702141
202153
117005
128699
108718
228028
109556
134873
1147430
113639
253200
112871
1151400
1206271
100782
131078
126480
115927
138702
131911
134569
201474
129729
108515
121897
111955
117920
112817
117884
1148975
111993
117876
113595
123232
113619
109714
936799
251328
936800
130841
934289
125531
138645
130622
110644
204798
251637
120332
117272
258654
203459
1200952
219628
111197
576481
129715
258750
534967
109734
627562
123829
115589
256769
120650
249192
200214
1172626
198894
225361
217593
232711
269611
1157736
724214
1678194
1186175
1184714
1188559
1181141
1173930
612876
129602
110652
252667
257604
259476
198536
199671
114594
261163
125123
253643
138078
135069
123055
575637
129127
258321
234456
113290
264439
218057
203952
592011
933743
575949
219305
252686
1183940
1184353
1078851
203415
200362
1151719
129565
251748
132077
100698
99264
138647
123152
201430
1592433
229477
111392
211258
572490
138904
1527673
129667
97971
100360
98361
110049
4383875
608153
131498
254676
113042
709983
1967922
713441
717768
200780
971688
719257
218159
229802
708584
204340
200935
204587
230060
211034
199086
232710
208384
204756
225305
211812
231510
229222
228642
243519
230290
202136
229019
222202
224998
224997
232641
204179
224845
230513
212060
200773
240143
217151
214954
197923
223086
211439
202427
228833
202852
207831
232810
201993
202235
207726
782430
235634
235202
231480
224588
221479
207852
223100
201237
225032
230522
199658
208132
217605
228394
229261
232551
198251
197907
232802
202818
204193
203071
202443
232234
206114
202166
201634
205031
201646
549772
222572
219898
218141
202405
199836
244233
255840
200961
256707
225980
201729
198002
247830
232065
237960
203227
200217
259981
204228
204172
229167
204474
229700
222727
200902
219775
198000
247173
230001
235301
206723
202998
214203
239932
230589
1189198
1172713
215602
223417
200311
215838
218723
205193
223244
217150
200967
202368
254311
256385
262151
199845
202067
237859
231362
237833
235891
584210
229893
201665
215396
212195
224547
199577
202268
204329
229953
207316
217249
221070
203073
1189849
1148982
561175
1194598
1177339
1190086
1174713
1174537
1179737
1172124
1175935
1189924
1173181
1192468
808252
803627
818085
810897
796046
1209356
1208927
1207842
1208592
3346206
1210008
1209920
732320
1207599
1210313
1210041
1207965
1208773
1206726
1206282
1210653
1207284
1206003
1209060
1209643
1208328
1210089
1206691
1208898
1208378
1210047
1207884
1207822
1208590
1207319
1209282
1209949
1207079
1208873
1206049
1206628
1208374
1208591
1207237
1208954
1209336
1210042
1206143
1207871
1207038
1207277
1206978
1208353
1209900
1208852
1207274
1209844
1206414
1208189
1206250
1209989
1208906
1205821
1205927
1209937
1205769
1207281
1207989
1209668
1209430
1208932
1209390
1206068
1209103
1208221
1206982
1206160
1210515
1207492
1209695
1207851
1209307
1210836
1207056
1206688
1207511
1206518
1205937
1208227
1207957
1208304
1206637
1209454
1208181
1209653
1210218
1209982
1205672
1205658
1206303
1206997
1207475
1206902
1209765
1207417
1210409
1206906
1209279
1209486
1205795
1206013
1205622
1207190
1209441
1207330
1207381
1208754
1209696
1207142
1209917
1206008
1207656
1208409
1209365
1210654
1207749
1208787
1209553
1207940
1206772
1207396
1210437
1208196
1209566
1206380
1206774
1206108
1206230
1208823
1208935
1209289
1207863
1206910
1206592
1206551
1209858
1209538
1208220
1209320
1209859
1207636
1207086
1210597
1207674
1208721
1207213
1206608
1206703
1207331
1210850
1209206
1207730
1206327
1206128
1205712
1207710
1207074
1210388
1208951
1210407
1206791
1210032
1209389
1206590
1206017
1208102
1209057
1207332
1207427
1205763
1208044
1207341
1207117
1206751
1208694
1209495
1206641
1207873
1209016
1207373
1210065
1208103
1207445
1208566
1207168
1208016
1208799
1209528
1206150
1210572
1209670
1207987
1207737
1209398
1205852
1207196
1207435
1205628
1208683
1207867
1209058
1207225
1208778
1208164
1207958
1207769
1207528
1210249
1209337
1205713
1206549
1208325
1209570
1209283
1209309
1210171
1205744
1208431
1207292
1207937
1206281
1208855
1206132
1209158
1210048
1205619
1207311
1209437
1205792
1207587
1209606
1209998
1205609
1206736
1210296
1210301
1210280
1207329
1209339
1209490
1210444
1208330
1206063
1207076
1210340
1208582
1210126
1208387
1206812
1207880
1209030
1208697
1206720
1210177
1210547
1209209
1205791
1206188
1205923
1209366
1207976
1209771
1206243
1206543
1209382
1207122
1209261
1208093
1208934
1205627
1206018
1205606
1209312
1207537
1210262
1207541
1207421
1207265
1205751
1209268
1209189
1207005
1208415
1209459
1209142
1208296
1209302
1209247
1209978
1205913
1208401
1205659
1209590
1208222
1209694
1207282
1210400
1206312
1205925
1205919
1206433
1209256
1206781
1210224
1209509
1208449
1209754
1205700
1209556
1210013
1209500
1208408
1206767
1209258
1207045
1206321
1207998
1208435
1210659
1206364
1207300
1206934
1207129
1209562
1208955
1205731
1205911
1206034
1210506
1206869
1207030
1209308
1209176
1208851
1206625
1206671
1206089
1209335
1208945
1210255
1209730
1206689
1206015
1207797
1210100
1210583
1210258
1210001
1209420
1210587
1209821
1209676
1208674
1206967
1210230
1209192
1208068
1209823
1209972
1209293
1207563
1209159
1207021
1206368
1208741
1210281
1209078
1209478
1207621
1210292
1208394
1210630
1208438
1207124
1206732
1205773
1205851
1210220
1207564
1209774
1205943
1209942
1209877
1206066
1207763
1207782
1207235
1206930
1206057
1210342
1209907
1206229
1207391
1208972
1208206
1206263
1207823
1207490
1207952
1210860
1205719
1207114
1210102
1205801
1209415
1207481
1207657
1207844
1206583
1205867
1207503
1205654
1205667
1206669
1210066
1209493
1210613
1209424
1206486
1208875
1208707
1206841
1205924
1208614
1207409
1206749
1210609
1210026
1205880
1207552
1209009
1207055
1209988
1210295
1209131
1206824
1208819
1206363
1209496
1207232
1205649
1208596
1209894
1208926
1206484
1210155
1210467
1206747
1209097
1209522
1207090
1210016
262282
262729
1205772
250109
251053
261863
248850
248371
251914
250011
267093
256305
250008
272406
256213
258681
249851
271877
950300
263991
250901
251485
252941
258362
271325
263823
262553
1199562
257892
595065
249485
251171
250335
251518
260439
249597
606304
100813
246997
263519
259116
260408
258200
257683
257465
605182
259844
257614
256725
254048
250431
249910
271314
261123
602350
260276
264986
253458
249010
262640
247700
258990
253601
256071
247195
257355
268757
260939
258434
249470
247204
260208
263841
263142
260307
251919
260097
247434
258222
256759
262937
257579
262643
249887
251022
260507
246788
103693
248662
252677
255996
248763
264900
256686
261327
1201859
256710
257212
249953
250544
255247
249085
600720
254828
257440
269493
254729
595983
256475
254913
249818
1201049
252223
260118
262486
597702
259105
249378
262107
603008
250382
248659
265487
247968
3420057
262804
262344
261164
273624
251038
249024
259808
248384
261215
258279
261515
263106
246781
258657
252253
255363
261113
253727
259700
251681
248438
606811
252120
255185
606864
258693
606054
257441
263720
249091
1200049
250465
259685
250274
33751
31804
30965
33207
33813
1258598
1258621
1258686
1258688
34804
34526
35767
35274
31411
31596
33811
33712
33719
34170
33643
34974
34982
33265
32113
33274
32785
1258660
1258655
1258666
1258659
32746
32685
32905
30986
1258620
32605
36760
34808
1258644
1258653
1258643
4349337
1258591
279834
275862
1028379
280648
1877903
2310652
1887819
2311419
2323469
2309976
2311071
2311372
2311359
2332634
1151460
1154466
1158740
1587678
1151756
1158960
1593673
1148884
1156635
98062
3654871
98649
100597
2447662
592836
98606
101390
101389
608000
99396
97214
98393
100858
932895
99988
591976
96947
99572
99839
103480
98177
99846
106500
97420
101158
98164
100816
96868
100731
99529
592333
97039
99685
98930
592944
592100
932685
97823
674374
1078833
100189
100650
106468
99757
103063
98627
98287
99319
951132
104379
99223
952555
2495672